11933
12009
12068
12388
12459
12664
12767
13078
13143
13151
13262
13382
13596
13643
13790
13827
15109
15235
15336
16083
16133
16167
16196
16584
17040
17113
17121
17155
17218
17363
17460
17883
18096
18110
18116
18213
18289
18357
18524
18534
18610
18656
18689
18763
18824
18947
19014
19102
19184
19223
19251
19447
19747
19771
19827
19962
20028
20097
20340
20372
20396
20528
20759
20896
20998
21093
21148
21512
21578
21592
21681
21685
21686
22070
22126
22131
22159
22280
22438
22461
22479
22517
22681
22867
22886
23041
23106
23151
23163
23298
23310
23374
23404
23582
23720
23731
23732
23736
23737
23738
23739
23930
23933
24258
24506
24507
24508
24510
24553
24555
24557
24666
24813
24822
24827
24957
25074
25076
25123
25162
25195
25228
25333
25506
26002
26015
26023
26046
26097
26125
26208
26387
26391
26423
26427
26432
26435
26436
26441
26451
26453
26459
26462
26476
26479
26483
26486
26547
26567
26568
26573
28382
28384
28388
28658
28754
29836
29989
30039
30044
30542
30783
30947
31241
31704
31777
32580
32581
32582
33324
35351
35819